0 552 34
0 1 38
1 0 38
1 116 6
2 3 30
2 116 7
2 653 100
3 2 30
3 4 15
4 3 15
4 461 14
5 6 20
5 461 24
5 726 11
6 5 20
6 469 18
7 8 36
7 469 25
7 23 79
8 491 27
8 7 36
9 491 4
9 646 110
9 398 44
10 680 14
10 646 19
10 679 28
11 680 26
11 12 26
11 380 40
12 529 34
12 11 26
12 669 18
13 311 11
13 131 23
13 431 26
14 217 20
14 102 34
15 709 17
15 119 142
16 154 44
16 338 76
16 582 81
17 425 97
17 124 33
17 575 31
18 188 196
18 326 62
18 118 68
19 705 28
19 588 25
20 321 90
20 315 56
20 543 21
21 178 112
21 179 92
22 312 116
22 441 127
22 660 108
22 397 125
23 502 55
23 7 79
24 68 110
25 639 104
25 583 28
26 592 91
26 421 19
26 663 103
27 456 9
27 594 56
27 719 64
28 289 55
28 585 67
29 427 25
29 303 112
30 46 70
31 33 61
31 39 67
32 144 39
32 587 20
33 700 89
33 31 61
34 44 61
34 38 47
35 48 18
35 78 13
35 263 76
36 549 97
36 39 37
37 86 65
38 34 47
38 107 27
39 36 37
39 31 67
40 288 17
40 510 15
41 499 63
42 46 70
42 702 57
43 188 7
43 287 35
44 266 20
44 34 61
45 702 63
45 135 106
46 42 70
46 30 70
47 144 44
47 333 14
48 177 43
48 35 18
49 352 69
50 72 274
50 103 69
51 221 115
51 143 36
52 202 20
52 211 96
53 226 29
53 346 36
54 692 268
54 413 20
55 330 52
55 308 60
55 618 100
56 338 80
56 325 96
57 204 198
57 205 103
58 656 128
59 281 67
59 201 110
60 392 74
60 393 8
60 313 219
61 328 71
61 672 14
61 492 15
61 670 8
62 69 10
63 229 62
63 671 48
64 65 50
64 126 25
64 695 10
65 64 50
65 112 35
65 487 27
66 521 35
66 551 52
67 664 41
67 424 55
67 187 90
67 583 161
68 392 8
68 393 74
68 24 110
69 552 87
69 129 14
70 328 8
70 76 92
71 561 104
71 242 28
71 229 12
72 50 274
72 427 298
73 389 11
74 284 68
74 574 49
75 112 27
75 503 39
76 330 60
76 70 92
77 397 99
77 191 29
78 88 69
78 35 13
78 454 58
79 133 120
79 302 22
80 467 88
81 195 115
81 197 118
82 314 86
82 330 22
83 688 98
84 643 16
84 644 10
85 201 50
85 106 167
85 597 56
86 538 49
86 37 65
86 534 65
87 397 8
87 93 45
88 78 69
88 95 55
89 123 67
89 503 18
90 99 40
90 639 26
91 280 137
91 528 34
92 362 45
92 314 28
93 275 56
93 87 45
94 530 50
94 282 54
95 88 55
95 99 40
96 526 44
96 519 32
97 457 65
97 359 78
98 601 148
98 147 76
99 90 40
99 95 40
99 695 50
100 426 70
100 284 17
101 297 39
101 542 14
102 14 34
102 543 46
103 304 26
103 50 69
104 228 11
104 430 61
105 486 37
106 113 71
106 251 68
106 85 167
106 598 57
107 230 51
107 38 27
108 368 12
108 317 15
108 366 44
109 123 49
109 110 85
109 454 63
110 458 51
110 109 85
110 503 49
111 273 93
112 65 35
112 75 27
112 212 31
113 106 71
113 430 47
114 163 34
114 555 51
114 717 104
115 300 85
115 398 56
115 302 29
116 1 6
116 2 7
117 169 10
117 171 14
118 641 60
118 18 68
118 299 203
119 15 142
119 527 65
120 529 27
120 599 18
121 192 189
121 122 59
121 555 89
121 381 50
122 121 59
122 627 103
122 625 82
123 89 67
123 109 49
123 126 33
124 17 33
124 130 16
125 385 15
126 64 25
126 123 33
127 315 36
127 509 52
127 557 94
128 371 57
129 611 47
129 69 14
129 270 45
130 696 100
130 250 148
130 124 16
131 586 53
131 339 41
131 13 23
132 538 24
132 331 69
132 333 75
133 192 45
133 518 60
133 79 120
134 500 16
134 606 67
134 406 8
135 45 106
135 230 24
136 385 7
136 140 6
137 553 27
137 319 14
138 633 157
138 467 78
138 549 55
139 656 29
140 136 6
140 380 20
140 151 10
141 633 61
141 718 31
141 703 77
142 552 62
142 335 19
143 603 38
143 51 36
144 32 39
144 47 44
145 382 5
146 634 47
147 593 165
147 98 76
147 343 89
148 442 91
149 574 63
150 592 82
150 546 47
150 573 49
151 384 7
152 312 10
152 226 79
153 400 10
153 598 550
154 16 44
154 312 58
155 304 90
155 321 495
156 537 10
157 411 20
157 652 21
158 200 8
158 202 161
159 720 37
159 249 32
160 720 162
160 473 80
161 473 34
161 162 222
162 161 222
162 164 123
163 561 120
163 114 34
163 671 107
164 162 123
164 166 24
165 452 68
165 324 39
166 164 24
166 525 17
167 712 19
167 589 8
168 712 48
168 169 17
169 168 17
169 117 10
170 521 49
170 327 75
171 172 12
171 117 14
172 171 12
172 173 68
173 595 20
173 172 68
174 545 29
174 595 28
175 176 124
175 545 73
176 178 130
176 175 124
177 48 43
177 405 57
177 318 87
178 176 130
178 21 112
179 344 163
179 21 92
180 344 163
180 181 340
181 180 340
181 183 107
182 497 3
182 711 69
183 185 72
183 181 107
184 668 120
184 741 92
185 186 54
185 183 72
186 185 54
186 579 94
187 67 90
187 522 117
187 483 68
187 612 72
188 18 196
188 43 7
188 333 69
189 414 20
189 310 274
190 717 73
191 688 86
191 242 61
191 323 102
191 77 29
192 121 189
192 203 32
192 133 45
192 289 63
193 435 21
193 414 340
194 435 12
194 195 157
195 81 115
195 194 157
196 267 20
196 548 12
197 81 118
197 199 151
198 754 29
198 627 127
198 517 42
199 200 95
199 197 151
200 158 8
200 199 95
201 59 110
201 476 67
201 85 50
202 52 20
202 158 161
203 192 32
203 406 41
204 57 198
204 316 19
205 57 103
205 417 65
206 417 153
206 434 189
207 305 15
207 370 47
207 450 51
208 320 8
208 434 71
209 320 16
209 210 31
210 209 31
210 439 37
211 316 122
211 52 96
212 112 31
212 354 96
212 575 33
213 501 28
213 365 45
214 446 64
214 295 60
215 450 126
215 540 18
215 350 68
216 220 32
216 501 35
217 348 108
217 14 20
218 432 75
218 379 143
218 428 238
219 615 3
220 216 32
220 222 37
221 416 52
221 51 115
222 220 37
222 223 47
223 224 30
223 222 47
224 277 50
224 223 30
225 576 285
225 523 49
226 152 79
226 724 30
226 53 29
227 277 140
227 438 37
228 104 11
228 362 46
228 524 162
229 63 62
229 71 12
230 107 51
230 135 24
231 232 43
231 438 40
232 233 41
232 231 43
233 232 41
233 235 23
234 584 28
234 483 28
234 484 51
235 233 23
235 236 22
236 235 22
236 238 28
237 449 42
237 253 159
238 236 28
238 279 19
239 240 42
239 279 28
240 241 24
240 239 42
241 240 24
241 495 52
242 71 28
242 191 61
242 727 103
243 244 87
243 495 111
244 243 87
244 245 67
245 244 67
245 246 55
246 245 55
246 247 54
247 248 96
247 246 54
248 514 134
248 247 96
249 696 79
249 721 27
249 159 32
250 130 148
250 597 56
251 106 68
251 429 69
252 386 54
252 558 29
253 237 159
253 630 139
254 265 15
254 255 20
255 256 23
255 254 20
256 257 20
256 255 23
257 256 20
257 258 36
258 257 36
258 260 49
259 443 17
260 258 49
260 399 18
261 548 25
261 399 14
262 415 29
263 35 76
263 573 91
264 506 48
264 436 39
265 516 20
265 254 15
266 44 20
266 276 15
267 196 20
267 268 51
268 267 51
268 556 73
269 73 72
269 574 147
269 391 7
270 561 33
270 129 45
271 272 56
271 556 74
272 273 63
272 271 56
273 272 63
273 111 93
274 659 85
274 709 141
274 507 118
275 707 64
275 421 26
275 93 56
275 573 169
276 288 10
276 266 15
277 224 50
277 227 140
278 604 139
279 238 19
279 239 28
280 91 137
280 471 43
281 59 67
281 476 108
282 472 49
282 94 54
283 649 58
283 410 84
284 74 68
284 100 17
285 297 19
286 654 37
286 655 40
287 43 35
287 405 22
287 494 171
288 40 17
288 276 10
289 192 63
289 28 55
289 381 153
290 358 293
290 551 203
291 327 25
291 591 54
292 293 29
292 583 96
293 292 29
293 294 14
294 293 14
295 353 6
295 214 60
295 553 26
296 412 71
296 487 108
297 298 42
297 285 19
297 101 39
298 297 42
299 333 12
299 118 203
300 115 85
300 301 24
301 300 24
301 302 86
302 115 29
302 301 86
302 79 22
303 508 161
303 29 112
304 155 90
304 103 26
305 403 60
305 207 15
306 600 246
307 713 4
307 660 97
308 524 207
308 446 82
308 55 60
309 730 115
309 731 21
310 579 108
310 189 274
311 13 11
311 462 141
312 152 10
312 154 58
312 22 116
313 60 219
314 618 93
314 92 28
314 82 86
315 20 56
315 127 36
316 211 122
316 204 19
317 578 12
317 108 15
317 367 12
318 177 87
319 137 14
319 667 48
320 208 8
320 209 16
321 155 495
321 20 90
322 617 3
323 191 102
323 436 24
323 653 82
323 727 60
324 554 35
324 165 39
325 56 96
325 658 44
325 659 121
326 18 62
326 644 37
326 453 55
326 405 183
327 170 75
327 291 25
328 61 71
328 70 8
328 463 46
329 491 20
330 82 22
330 76 60
330 581 31
330 55 52
331 132 69
332 560 16
332 337 13
333 188 69
333 299 12
333 132 75
333 47 14
334 452 74
334 348 61
335 585 17
335 142 19
336 586 153
336 462 71
337 563 24
337 332 13
338 16 76
338 56 80
339 562 52
339 131 41
339 364 12
340 557 112
340 341 164
340 519 37
341 596 32
341 651 29
341 340 164
342 442 125
342 471 156
343 472 57
343 147 89
344 179 163
344 180 163
345 632 278
345 386 37
345 630 77
346 441 87
346 596 39
346 53 36
347 541 37
347 350 81
347 349 184
348 217 108
348 334 61
349 347 184
350 351 186
350 347 81
350 215 68
351 350 186
352 49 69
352 540 90
353 636 19
353 295 6
354 425 62
354 212 96
355 468 33
355 357 114
356 514 10
356 516 42
357 505 40
357 355 114
358 576 116
358 290 293
359 97 78
359 580 77
359 454 11
360 361 54
360 587 4
360 549 66
361 360 54
362 228 46
362 92 45
363 403 8
363 366 9
364 368 36
364 339 12
365 213 45
365 439 23
366 512 8
366 363 9
366 108 44
367 368 14
367 317 12
368 108 12
368 364 36
368 367 14
369 505 38
369 531 40
370 371 21
370 572 21
370 207 47
371 128 57
371 370 21
372 385 4
372 662 3
373 125 4
373 375 9
374 373 6
375 376 4
376 136 7
377 329 4
378 377 74
379 218 143
379 429 45
379 423 60
380 145 13
380 11 40
380 140 20
381 552 80
381 121 50
381 289 153
382 383 6
383 384 4
384 594 39
385 136 7
385 372 4
386 345 37
386 252 54
387 601 86
388 387 6
389 390 3
390 722 16
390 594 7
391 68 35
391 269 7
392 68 8
392 269 35
393 475 65
393 60 8
394 601 7
394 388 86
395 519 33
396 465 44
396 466 99
397 488 20
397 77 99
397 22 125
397 87 8
398 9 44
398 115 56
399 260 18
399 261 14
400 153 10
401 432 68
401 459 57
402 648 49
402 404 28
403 305 60
403 363 8
404 464 22
404 402 28
405 177 57
405 326 183
405 287 22
406 203 41
406 134 8
406 518 15
407 408 20
407 681 29
407 682 71
408 409 28
408 407 20
409 408 28
409 410 20
410 681 22
410 283 84
410 409 20
411 157 20
411 654 52
412 296 71
412 524 53
413 419 24
413 54 20
414 193 340
414 189 20
415 262 29
415 727 13
416 221 52
416 725 22
417 205 65
417 206 153
418 432 61
418 459 66
418 430 59
419 413 24
419 693 36
420 522 67
421 26 19
421 275 26
422 694 293
423 379 60
423 558 23
424 67 55
424 667 70
425 17 97
425 354 62
426 100 70
427 72 298
427 29 25
428 218 238
428 431 46
429 379 45
429 251 69
430 104 61
430 113 47
430 418 59
431 428 46
431 13 26
432 401 68
432 218 75
432 418 61
433 693 132
433 694 182
434 208 71
434 206 189
435 193 21
435 194 12
436 264 39
436 323 24
437 665 23
437 666 10
438 227 37
438 231 40
439 210 37
439 365 23
440 673 30
440 674 56
440 497 60
441 688 45
441 346 87
441 533 23
441 22 127
442 148 91
442 342 125
443 610 3
443 420 30
444 489 7
444 522 41
445 448 58
445 571 28
446 25 128
446 638 14
446 214 64
447 728 40
448 460 29
448 445 58
449 520 22
449 237 42
450 578 54
450 207 51
450 215 126
451 657 38
451 658 49
452 165 68
452 334 74
453 177 172
453 573 59
453 326 55
454 109 63
454 78 58
454 359 11
455 456 44
456 27 9
456 455 44
457 97 65
457 721 51
458 110 51
459 401 57
459 418 66
460 448 29
460 468 26
461 4 14
461 5 24
461 502 62
462 336 71
462 311 141
463 328 46
463 581 165
463 711 18
464 602 19
464 404 22
465 396 44
465 647 16
466 396 99
466 645 9
467 80 88
467 138 78
468 355 33
468 460 26
469 6 18
469 622 7
469 7 25
470 510 61
470 511 36
471 280 43
471 342 156
472 282 49
472 343 57
473 160 80
473 161 34
474 689 20
474 687 16
475 593 7
475 394 73
475 518 176
476 281 108
476 524 73
476 201 67
477 488 22
477 506 34
478 479 19
478 612 17
478 607 5
479 480 39
479 478 19
480 481 22
480 479 39
481 480 22
481 482 11
482 584 41
482 481 11
482 653 51
483 547 95
483 234 28
483 187 68
484 234 51
484 485 68
484 486 42
485 484 68
486 105 37
486 506 35
486 484 42
487 296 108
487 65 27
487 493 45
488 397 20
488 477 22
489 490 21
489 444 7
490 489 21
490 492 6
490 623 120
491 8 27
491 9 4
492 490 6
492 61 15
493 496 16
493 487 45
494 287 171
495 241 52
495 243 111
496 498 18
496 493 16
497 440 60
497 182 3
498 496 18
498 695 13
499 41 63
499 705 24
500 504 12
500 134 16
501 216 35
501 213 28
502 585 17
502 461 62
502 23 55
503 89 18
503 75 39
503 110 49
504 704 29
504 500 12
505 369 38
505 357 40
506 264 48
506 477 34
506 486 35
507 641 96
507 274 118
507 713 26
508 303 161
509 526 67
509 127 52
510 40 15
510 470 61
511 700 35
511 470 36
512 586 76
512 366 8
513 546 9
514 248 134
514 356 10
515 747 20
515 748 41
516 265 20
516 356 42
517 656 35
517 710 111
517 198 42
518 475 176
518 133 60
518 406 15
519 96 32
519 395 33
519 340 37
520 449 22
521 170 49
521 66 35
522 187 117
522 444 41
523 225 49
523 706 49
524 412 53
524 476 73
524 228 162
525 589 11
525 166 17
526 96 44
526 509 67
527 119 65
527 587 109
527 703 143
528 91 34
528 591 86
529 120 27
529 12 34
530 725 43
530 94 50
531 369 40
531 645 132
532 533 108
532 557 77
533 441 23
533 532 108
534 86 65
534 535 10
535 539 114
535 534 10
536 537 14
536 539 65
537 536 14
537 156 10
538 539 9
538 132 24
538 86 49
539 536 65
539 538 9
539 535 114
540 352 90
540 215 18
541 347 37
542 618 5
542 101 14
543 20 21
543 102 46
544 575 161
545 174 29
545 175 73
546 513 9
546 723 87
546 150 47
547 664 10
547 483 95
547 663 44
548 196 12
548 261 25
549 360 66
549 138 55
549 36 97
550 729 19
550 599 21
551 290 203
551 66 52
552 0 34
552 381 80
552 142 62
553 137 27
553 295 26
554 324 35
555 121 89
555 114 51
555 611 81
556 268 73
556 271 74
557 340 112
557 532 77
557 127 94
558 423 23
558 252 29
558 559 43
559 560 9
559 558 43
560 332 16
560 559 9
561 163 120
561 727 32
561 270 33
561 71 104
562 339 52
563 569 59
563 337 24
564 569 58
564 565 43
564 567 105
565 564 43
565 566 124
566 565 124
567 568 57
567 564 105
568 569 105
568 567 57
569 568 105
569 563 59
569 564 58
570 723 26
571 445 28
572 370 21
572 711 21
573 275 169
573 453 59
573 150 49
573 263 91
574 74 49
574 269 147
574 149 63
575 544 161
575 17 31
575 212 33
576 225 285
576 358 116
577 753 41
577 754 230
578 450 54
578 317 12
579 186 94
579 310 108
580 359 77
581 586 87
581 330 31
581 463 165
582 16 81
582 714 113
582 715 26
583 25 28
583 67 161
583 292 96
584 482 41
584 234 28
585 28 67
585 502 17
585 335 17
586 336 153
586 512 76
586 131 53
586 581 87
587 32 20
587 360 4
587 527 109
588 19 25
588 669 32
589 525 11
589 167 8
590 603 38
590 604 78
591 528 86
591 291 54
592 26 91
592 723 51
592 150 82
593 475 7
593 60 65
593 147 165
594 27 56
594 390 7
594 391 84
595 173 20
595 174 28
596 346 39
596 341 32
597 250 56
597 85 56
598 600 42
598 153 550
598 106 57
599 120 18
599 550 21
600 306 246
600 598 42
601 593 73
601 394 7
601 98 148
602 464 19
602 652 49
603 590 38
603 143 38
604 590 78
604 278 139
605 606 65
606 625 78
606 605 65
606 134 67
607 219 24
607 478 5
608 614 5
609 322 32
610 609 6
611 129 47
611 555 81
612 187 72
612 613 45
612 478 17
613 614 23
614 607 39
615 616 35
615 2 40
616 617 21
616 615 35
617 616 21
617 608 4
618 314 93
618 542 5
618 55 100
619 378 3
620 619 9
621 620 5
622 259 12
622 621 7
623 624 61
623 329 34
624 623 61
625 122 82
625 626 66
625 606 78
626 625 66
627 122 103
627 628 40
627 198 127
628 627 40
628 629 48
629 628 48
630 345 77
630 253 139
630 631 249
631 632 68
631 630 249
632 345 278
632 631 68
633 138 157
633 141 61
634 308 116
634 636 37
635 729 18
636 353 19
636 634 37
637 638 29
638 637 29
638 446 14
639 640 45
639 25 104
639 90 26
640 639 45
641 642 65
641 507 96
641 118 60
642 641 65
642 643 63
643 660 105
643 642 63
643 84 16
644 84 10
644 326 37
645 466 9
645 531 132
646 9 110
646 10 19
647 648 55
647 465 16
648 402 49
648 647 55
649 283 58
649 662 13
650 682 20
650 683 18
651 341 29
652 602 49
652 157 21
653 482 51
653 323 82
653 2 100
653 62 77
654 411 52
654 286 37
655 716 30
655 286 40
656 58 128
656 139 29
656 517 35
657 451 38
657 716 71
658 451 49
658 325 44
659 274 85
659 325 121
660 307 97
660 643 105
660 661 50
660 22 108
661 707 10
661 660 50
662 649 13
662 372 3
663 26 103
663 547 44
664 67 41
664 547 10
665 146 56
665 667 20
665 437 23
666 437 10
666 670 10
667 424 70
667 665 20
667 319 48
668 184 120
668 742 12
669 12 18
669 588 32
670 666 10
670 61 8
671 737 44
671 163 107
671 63 48
672 673 26
672 61 14
673 672 26
673 440 30
674 440 56
674 675 46
675 674 46
675 676 18
676 675 18
676 677 21
677 676 21
677 678 19
678 677 19
678 679 18
679 10 28
679 678 18
680 10 14
680 11 26
681 410 22
681 407 29
682 650 20
682 407 71
683 650 18
683 684 20
684 683 20
684 685 24
685 684 24
685 686 27
686 685 27
686 687 26
687 474 16
687 686 26
688 441 45
688 83 98
688 191 86
689 474 20
689 690 32
690 689 32
690 691 19
691 690 19
691 692 33
692 691 33
692 54 268
693 433 132
693 419 36
694 433 182
694 422 293
695 64 10
695 498 13
695 99 50
696 697 43
696 130 100
696 249 79
697 696 43
697 698 69
697 699 58
698 697 69
699 697 58
700 33 89
700 511 35
701 728 128
701 730 35
702 42 57
702 45 63
703 141 77
703 709 63
703 527 143
704 504 29
704 706 48
705 19 28
705 499 24
706 704 48
706 523 49
707 275 64
707 661 10
707 453 169
708 744 326
708 742 194
709 274 141
709 15 17
709 703 63
710 517 111
711 572 21
711 182 69
711 463 18
712 168 48
712 167 19
713 714 13
713 307 4
713 507 26
714 713 13
714 582 113
715 582 26
716 657 71
716 655 30
717 114 104
717 190 73
718 141 31
719 27 64
720 160 162
720 159 37
721 249 27
721 457 51
722 374 17
723 592 51
723 570 26
723 546 87
724 226 30
725 416 22
725 530 43
726 443 26
727 561 32
727 242 103
727 323 60
727 415 13
728 701 128
728 447 40
729 635 18
729 550 19
730 701 35
730 309 115
731 732 140
731 309 21
732 731 140
732 733 46
733 732 46
733 734 34
734 733 34
734 735 89
735 736 95
735 734 89
736 743 70
736 735 95
737 671 44
738 739 33
738 743 40
739 738 33
739 740 53
740 739 53
740 741 117
741 184 92
741 740 117
742 668 12
742 708 194
743 736 70
743 738 40
744 745 187
744 708 326
745 744 187
745 746 124
746 745 124
746 747 49
747 746 49
747 515 20
748 515 41
748 749 45
749 748 45
749 750 111
750 749 111
750 751 178
751 752 80
751 750 178
752 753 33
752 751 80
753 752 33
753 577 41
754 577 230
754 198 29
